    0.921902120    0.026381101
    0.914022505    0.026509976
    0.906210303    0.026639480
    0.894616902    0.026769616
    0.886970520    0.026900388
    0.879389524    0.027031800
    0.868139267    0.027163852
    0.860719204    0.027296551
    0.849707842    0.027429895
    0.842445314    0.027563892
    0.835244834    0.027698545
    0.824559391    0.027833855
    0.817511797    0.027969826
    0.810524404    0.028106460
    0.800155163    0.028243763
    0.793316185    0.028381735
    0.786535621    0.028520383
    0.776473284    0.028659707
    0.769836664    0.028799713
    0.763256788    0.028940402
    0.753492296    0.029081779
    0.747052133    0.029223846
    0.740666986    0.029366607
    0.731191456    0.029510066
    0.724941909    0.029654225
    0.718745768    0.029799089
    0.709550679    0.029944660
    0.703486085    0.030090943
    0.697473347    0.030237939
    0.688550413    0.030385654
    0.682665288    0.030534092
    0.676830471    0.030683253
    0.668171644    0.030833144
    0.662460685    0.030983767
    0.656798542    0.031135125
    0.648396015    0.031287223
    0.642854095    0.031440064
    0.637359560    0.031593651
    0.631911993    0.031747989
    0.623827815    0.031903081
    0.618495882    0.032058928
    0.613209486    0.032215539
    0.607968330    0.032372914
    0.600190461    0.032531060
    0.595060587    0.032689977
    0.589974523    0.032849669
    0.582426846    0.033010144
    0.577448785    0.033171400
    0.572513282    0.033333447
    0.567619979    0.033496283
    0.560358286    0.033659916
    0.555568874    0.033824347
    0.550820351    0.033989582
    0.546112418    0.034155626
    0.539125860    0.034322478
    0.534517944    0.034490146
    0.529949367    0.034658633
    0.523169577    0.034827944
    0.518697977    0.034998082
    0.514264643    0.035169050
    0.509869158    0.035340853
    0.503346264    0.035513498
    0.499044120    0.035686985
    0.494778752    0.035861317
    0.490549833    0.036036506
    0.484274119    0.036212545
    0.480134964    0.036389448
    0.476031214    0.036567215
    0.471962512    0.036745846
    0.465924591    0.036925353
    0.461942285    0.037105739
    0.457994044    0.037287004
    0.452134818    0.037469152
    0.448270380    0.037652194
    0.444438964    0.037836127
    0.440640271    0.038020961
    0.435003072    0.038206697
    0.431285053    0.038393341
    0.427598804    0.038580894
    0.422128439    0.038769364
    0.418520480    0.038958758
    0.414943337    0.039149076
    0.411396772    0.039340321
    0.406133682    0.039532501
    0.402662426    0.039725624
    0.399220824    0.039919686
    0.394113511    0.040114697
    0.390744984    0.040310662
    0.387405246    0.040507581
    0.384094059    0.040705465
    0.379180253    0.040904313
    0.375939339    0.041104134
    0.372726172    0.041304935
    0.367957801    0.041506711
    0.364812821    0.041709475
    0.361694723    0.041913230
    0.358603269    0.042117979
    0.354015589    0.042323731
    0.350989789    0.042530484
    0.347989827    0.042738251
    0.345015526    0.042947032
    0.340601683    0.043156829
    0.337690502    0.043367654
    0.334804237    0.043579511
    0.331942618    0.043792401
    0.327696025    0.044006329
    0.324895173    0.044221304
    0.322118253    0.044437330
    0.319365054    0.044654410
    0.315279365    0.044872552
    0.312584639    0.045091756
    0.309912950    0.045312036
    0.307264090    0.045533389
    0.303333193    0.045755822
    0.300740570    0.045979343
    0.298170120    0.046203956
    0.295621634    0.046429668
    0.291839689    0.046656482
    0.289345294    0.046884403
    0.286872238    0.047113437
    0.283202201    0.047343589
    0.280781657    0.047574867
    0.278381795    0.047807276
    0.276002407    0.048040818
    0.272471458    0.048275501
    0.270142615    0.048511334
    0.267833680    0.048748314
    0.264407218    0.048986454
    0.262147307    0.049225759
    0.259906709    0.049466230
    0.257685244    0.049707878
    0.254388630    0.049950704
    0.252214342    0.050194718
    0.250058651    0.050439924
    0.247921377    0.050686326
    0.244749665    0.050933935
    0.242657766    0.051182751
    0.240583733    0.051432781
    0.237505898    0.051684037
    0.235475913    0.051936518
    0.233463272    0.052190233
    0.230476528    0.052445184
    0.228506625    0.052701384
    0.226553559    0.052958835
    0.224617183    0.053217545
    0.221743599    0.053477515
    0.219848335    0.053738758
    0.217969269    0.054001275
    0.216106266    0.054265078
    0.213341564    0.054530166
    0.211518109    0.054796554
    0.209710255    0.055064239
    0.207917839    0.055333231
    0.206140742    0.055603541
    0.203503534    0.055875167
    0.201764166    0.056148123
    0.200039670    0.056422412
    0.197480515    0.056698039
    0.195792630    0.056975015
    0.194119170    0.057253342
    0.192460015    0.057533033
    0.189997822    0.057814084
    0.188373893    0.058096513
    0.186763853    0.058380321
    0.185167566    0.058665510
    0.182798669    0.058952097
    0.181236267    0.059240084
    0.179687217    0.059529476
    0.178151414    0.059820283
    0.175872281    0.060112514
    0.174369082    0.060406167
    0.172878727    0.060701258
    0.171401113    0.060997788
    0.169208348    0.061295770
    0.167762101    0.061595205
    0.166328222    0.061896104
    0.164906606    0.062198471
    0.162796915    0.062502317
    0.161405474    0.062807642
    0.160025924    0.063114464
    0.157978684    0.063422784
    0.156628415    0.063732609
    0.155289710    0.064043954
    0.153962433    0.064356811
    0.151992753    0.064671203
    0.150693655    0.064987123
    0.149405658    0.065304592
    0.148128673    0.065623611
    0.929849625    0.065623611
    0.146233633    0.065944187
    0.921902120    0.065944187
    0.144983754    0.066266328
    0.914022505    0.066266328
    0.143744558    0.066590048
    0.906210303    0.066590048
    0.142515957    0.066915348
    0.898464799    0.066915348
    0.140692726    0.067242235
    0.886970520    0.067242235
    0.139490202    0.067570716
    0.879389524    0.067570716
    0.138297975    0.067900807
    0.868139267    0.067900807
    0.137115926    0.068232507
    0.860719204    0.068232507
    0.135361776    0.068565831
    0.853362560    0.068565831
    0.134204820    0.068900779
    0.842445314    0.068900779
    0.133057758    0.069237366
    0.835244834    0.069237366
    0.131920502    0.069575600
    0.828105927    0.069575600
    0.130232811    0.069915481
    0.821028054    0.069915481
    0.129119694    0.070257023
    0.814010620    0.070257023
    0.128016099    0.070600234
    0.803596795    0.070600234
    0.126921937    0.070945121
    0.796728313    0.070945121
    0.125298187    0.071291700
    0.789918602    0.071291700
    0.124227256    0.071639962
    0.779812992    0.071639962
    0.123165473    0.071989931
    0.773147881    0.071989931
    0.122112766    0.072341606
    0.766539693    0.072341606
    0.120550543    0.072695002
    0.756733179    0.072695002
    0.119520187    0.073050126
    0.750265300    0.073050126
    0.118498638    0.073406979
    0.743852735    0.073406979
    0.117485814    0.073765583
    0.737494946    0.073765583
    0.115982793    0.074125931
    0.731191456    0.074125931
    0.114991479    0.074488044
    0.721837163    0.074488044
    0.114008635    0.074851930
    0.715667605    0.074851930
    0.113034189    0.075217582
    0.709550679    0.075217582
    0.111588120    0.075585030
    0.700473249    0.075585030
    0.110634364    0.075954266
    0.694486260    0.075954266
    0.109688759    0.076325312
    0.688550413    0.076325312
    0.108751237    0.076698169
    0.682665288    0.076698169
    0.107359961    0.077072844
    0.676830471    0.077072844
    0.106442347    0.077449352
    0.668171644    0.077449352
    0.105532572    0.077827699
    0.662460685    0.077827699
    0.104630575    0.078207895
    0.656798542    0.078207895
    0.103292011    0.078589946
    0.648396015    0.078589946
    0.102409162    0.078973867
    0.642854095    0.078973867
    0.101533860    0.079359658
    0.637359560    0.079359658
    0.100666039    0.079747334
    0.629205704    0.079747334
    0.099378198    0.080136910
    0.623827815    0.080136910
    0.098528802    0.080528386
    0.618495882    0.080528386
    0.097686663    0.080921777
    0.613209486    0.080921777
    0.096851729    0.081317082
    0.607968330    0.081317082
    0.095612682    0.081714325
    0.602771997    0.081714325
    0.094795473    0.082113512
    0.595060587    0.082113512
    0.093985245    0.082514644
    0.589974523    0.082514644
    0.093181945    0.082917735
    0.582426846    0.082917735
    0.091989845    0.083322793
    0.577448785    0.083322793
    0.091203600    0.083729833
    0.572513282    0.083729833
    0.090424076    0.084138863
    0.567619979    0.084138863
    0.089651212    0.084549889
    0.562768459    0.084549889
    0.088504285    0.084962919
    0.557958424    0.084962919
    0.087747827    0.085377976
    0.553189516    0.085377976
    0.086997837    0.085795052
    0.546112418    0.085795052
    0.086254261    0.086214170
    0.541444719    0.086214170
    0.085517034    0.086635336
    0.534517944    0.086635336
    0.084422991    0.087058559
    0.529949367    0.087058559
    0.083701424    0.087483846
    0.525419831    0.087483846
    0.082986020    0.087911211
    0.520928979    0.087911211
    0.082276724    0.088340662
    0.514264643    0.088340662
    0.081573501    0.088772215
    0.509869158    0.088772215
    0.080529913    0.089205876
    0.505511284    0.089205876
    0.079841614    0.089641653
    0.501190603    0.089641653
    0.079159200    0.090079561
    0.496906877    0.090079561
    0.078482620    0.090519607
    0.490549833    0.090519607
    0.077811822    0.090961806
    0.486357033    0.090961806
    0.076816358    0.091406159
    0.482200086    0.091406159
    0.076159798    0.091852687
    0.478078693    0.091852687
    0.075508855    0.092301399
    0.471962512    0.092301399
    0.074863471    0.092752300
    0.467928618    0.092752300
    0.074223600    0.093205400
    0.463929176    0.093205400
    0.073274046    0.093660720
    0.459963918    0.093660720
    0.072647765    0.094118260
    0.456032574    0.094118260
    0.072026834    0.094578035
    0.450198442    0.094578035
    0.071411215    0.095040061
    0.446350545    0.095040061
    0.070800856    0.095504336
    0.442535549    0.095504336
    0.069895089    0.095970884
    0.436874092    0.095970884
    0.069297686    0.096439712
    0.433140069    0.096439712
    0.068705395    0.096910827
    0.429437965    0.096910827
    0.068118162    0.097384244
    0.425767541    0.097384244
    0.067535952    0.097859979
    0.422128439    0.097859979
    0.066671945    0.098338030
    0.418520480    0.098338030
    0.066102095    0.098818421
    0.413166255    0.098818421
    0.065537110    0.099301159
    0.409634888    0.099301159
    0.064976960    0.099786252
    0.406133682    0.099786252
    0.064145692    0.100273721
    0.400937915    0.100273721
    0.063597433    0.100763567
    0.397511065    0.100763567
    0.063053854    0.101255804
    0.394113511    0.101255804
    0.062514931    0.101750448
    0.390744984    0.101750448
    0.061980609    0.102247506
    0.385746092    0.102247506
    0.061187677    0.102746993
    0.382449090    0.102746993
    0.060664702    0.103248924
    0.379180253    0.103248924
    0.060146194    0.103753299
    0.375939339    0.103753299
    0.059632119    0.104260147
    0.372726172    0.104260147
    0.058869231    0.104769468
    0.367957801    0.104769468
    0.058366071    0.105281271
    0.364812821    0.105281271
    0.057867210    0.105795585
    0.361694723    0.105795585
    0.057372615    0.106312402
    0.357067496    0.106312402
    0.056882244    0.106831744
    0.354015589    0.106831744
    0.056154538    0.107353628
    0.350989789    0.107353628
    0.055674579    0.107878067
    0.347989827    0.107878067
    0.055198722    0.108405061
    0.345015526    0.108405061
    0.054726932    0.108934626
    0.342066646    0.108934626
    0.054026797    0.109466784
    0.337690502    0.109466784
    0.053565025    0.110001534
    0.334804237    0.110001534
    0.053107198    0.110538907
    0.331942618    0.110538907
    0.052653287    0.111078896
    0.327696025    0.111078896
    0.052203253    0.111621529
    0.324895173    0.111621529
    0.051535405    0.112166807
    0.322118253    0.112166807
    0.051094927    0.112714753
    0.317997307    0.112714753
    0.050658215    0.113265373
    0.315279365    0.113265373
    0.050225232    0.113818683
    0.312584639    0.113818683
    0.049582690    0.114374697
    0.309912950    0.114374697
    0.049158901    0.114933431
    0.307264090    0.114933431
    0.048738737    0.115494892
    0.303333193    0.115494892
    0.048322160    0.116059095
    0.300740570    0.116059095
    0.047909148    0.116626047
    0.298170120    0.116626047
    0.047296233    0.117195778
    0.294355571    0.117195778
    0.046891987    0.117768288
    0.291839689    0.117768288
    0.046491198    0.118343599
    0.289345294    0.118343599
    0.046093833    0.118921719
    0.286872238    0.118921719
    0.045504145    0.119502664
    0.284420311    0.119502664
    0.045115218    0.120086446
    0.281989336    0.120086446
    0.044729613    0.120673075
    0.278381795    0.120673075
    0.044347305    0.121262580
    0.276002407    0.121262580
    0.043779958    0.121854953
    0.272471458    0.121854953
    0.043405768    0.122450233
    0.270142615    0.122450233
    0.043034773    0.123048410
    0.267833680    0.123048410
    0.042666949    0.123649515
    0.265544474    0.123649515
    0.042121101    0.124253549
    0.262147307    0.124253549
    0.041761089    0.124860540
    0.259906709    0.124860540
    0.041404150    0.125470489
    0.257685244    0.125470489
    0.041050266    0.126083434
    0.255482793    0.126083434
    0.040525101    0.126699358
    0.253299147    0.126699358
    0.040178727    0.127318293
    0.250058651    0.127318293
    0.039835319    0.127940252
    0.247921377    0.127940252
    0.039325695    0.128565252
    0.244749665    0.128565252
    0.038989574    0.129193306
    0.242657766    0.129193306
    0.038656328    0.129824430
    0.240583733    0.129824430
    0.038325928    0.130458638
    0.238527447    0.130458638
    0.037835617    0.131095931
    0.236488730    0.131095931
    0.037512232    0.131736353
    0.233463272    0.131736353
    0.037191611    0.132379889
    0.231467843    0.132379889
    0.036873728    0.133026585
    0.229489461    0.133026585
    0.036401995    0.133676425
    0.227527991    0.133676425
    0.036090862    0.134329453
    0.224617183    0.134329453
    0.035782389    0.134985656
    0.222697347    0.134985656
    0.035324618    0.135645077
    0.220793933    0.135645077
    0.035022695    0.136307716
    0.217969269    0.136307716
    0.034723353    0.136973590
    0.216106266    0.136973590
    0.034426570    0.137642711
    0.214259177    0.137642711
    0.033986144    0.138315111
    0.212427884    0.138315111
    0.033695661    0.138990790
    0.210612237    0.138990790
    0.033407658    0.139669776
    0.207917839    0.139669776
    0.032980267    0.140352085
    0.206140742    0.140352085
    0.032698382    0.141037717
    0.204378828    0.141037717
    0.032418907    0.141726688
    0.201764166    0.141726688
    0.032141816    0.142419040
    0.200039670    0.142419040
    0.031730622    0.143114775
    0.198329911    0.143114775
    0.031459417    0.143813893
    0.196634755    0.143813893
    0.031190528    0.144516438
    0.194954097    0.144516438
    0.030923940    0.145222425
    0.192460015    0.145222425
    0.030659629    0.145931840
    0.190815032    0.145931840
    0.030267393    0.146644726
    0.189184114    0.146644726
    0.030008694    0.147361100
    0.187567145    0.147361100
    0.029752208    0.148080975
    0.185167566    0.148080975
    0.029497912    0.148804367
    0.183584914    0.148804367
    0.029120540    0.149531290
    0.182015792    0.149531290
    0.028871644    0.150261760
    0.179687217    0.150261760
    0.028624875    0.150995806
    0.178151414    0.150995806
    0.028380215    0.151733443
    0.176628739    0.151733443
    0.028017141    0.152474672
    0.175119072    0.152474672
    0.027777676    0.153219521
    0.173622310    0.153219521
    0.027540257    0.153968006
    0.171401113    0.153968006
    0.027304867    0.154720157
    0.169936135    0.154720157
    0.027071489    0.155475989
    0.168483675    0.155475989
    0.026725156    0.156235501
    0.166328222    0.156235501
    0.026496734    0.156998724
    0.164906606    0.156998724
    0.026270265    0.157765672
    0.163497135    0.157765672
    0.026045730    0.158536375
    0.162099704    0.158536375
    0.025712522    0.159310833
    0.160714224    0.159310833
    0.025492754    0.160089090
    0.158658162    0.160089090
    0.025274865    0.160871133
    0.157302096    0.160871133
    0.025058838    0.161657006
    0.155957624    0.161657006
    0.024844658    0.162446707
    0.154624641    0.162446707
    0.024526814    0.163240284
    0.152646497    0.163240284
    0.024317181    0.164037719
    0.151341811    0.164037719
    0.024109339    0.164839059
    0.150048271    0.164839059
    0.023903275    0.165644318
    0.148128673    0.165644318
    0.023698971    0.166453496
    0.146862596    0.166453496
    0.023395784    0.167266637
    0.145607352    0.167266637
    0.023195818    0.168083757
    0.144362822    0.168083757
    0.022997562    0.168904856
    0.143128946    0.168904856
    0.022800999    0.169729978
    0.141297862    0.169729978
    0.022606116    0.170559123
    0.140090182    0.170559123
    0.022316912    0.171392307
    0.138892815    0.171392307
    0.022126166    0.172229588
    0.137705684    0.172229588
    0.021937052    0.173070937
    0.135943979    0.173070937
    0.021749554    0.173916399
    0.134782046    0.173916399
    0.021563658    0.174766004
    0.133630052    0.174766004
    0.021287790    0.175619751
    0.132487908    0.175619751
    0.021105841    0.176477671
    0.131355524    0.176477671
    0.020925445    0.177339777
    0.130232811    0.177339777
    0.020746594    0.178206101
    0.128566712    0.178206101
    0.020569270    0.179076657
    0.127467841    0.179076657
    0.020393463    0.179951459
    0.126378357    0.179951459
    0.020132566    0.180830538
    0.124761574    0.180830538
    0.019960491    0.181713909
    0.123695225    0.181713909
    0.019789886    0.182601601
    0.122637987    0.182601601
    0.019620741    0.183493614
    0.121589787    0.183493614
    0.019453039    0.184390008
    0.120034263    0.184390008
    0.019286772    0.185290769
    0.119008318    0.185290769
    0.019121926    0.186195925
    0.117991142    0.186195925
    0.018877296    0.187105507
    0.116982661    0.187105507
    0.018715950    0.188019529
    0.115982793    0.188019529
    0.018555982    0.188938022
    0.114499003    0.188938022
    0.018397382    0.189861000
    0.113520369    0.189861000
    0.018240137    0.190788493
    0.112550095    0.190788493
    0.018084237    0.191720515
    0.111588120    0.191720515
    0.017929669    0.192657083
    0.110160545    0.192657083
    0.017700290    0.193598226
    0.109218992    0.193598226
    0.017549004    0.194543973
    0.108285487    0.194543973
    0.017399011    0.195494339
    0.107359961    0.195494339
    0.017250299    0.196449354
    0.106442347    0.196449354
    0.017102860    0.197409019
    0.105080605    0.197409019
    0.016956680    0.198373392
    0.104182467    0.198373392
    0.016811749    0.199342459
    0.103292011    0.199342459
    0.016668057    0.200316265
    0.102409162    0.200316265
    0.016454820    0.201294824
    0.101099022    0.201294824
    0.016314179    0.202278167
    0.100234911    0.202278167
    0.016174739    0.203266323
    0.099378198    0.203266323
    0.016036492    0.204259291
    0.098528802    0.204259291
    0.015899427    0.205257118
    0.097686663    0.205257118
    0.015763532    0.206259817
    0.096851729    0.206259817
    0.015628800    0.207267419
    0.095612682    0.207267419
    0.015495220    0.208279938
    0.094795473    0.208279938
    0.015362781    0.209297389
    0.093985245    0.209297389
    0.015231473    0.210319832
    0.092782870    0.210319832
    0.015036614    0.211347267
    0.091989845    0.211347267
    0.014908094    0.212379709
    0.091203600    0.212379709
    0.014780673    0.213417202
    0.090424076    0.213417202
    0.014654341    0.214459777
    0.089651212    0.214459777
    0.014529089    0.215507433
    0.088884957    0.215507433
    0.014404907    0.216560200
    0.088125244    0.216560200
    0.014281787    0.217618123
    0.086997837    0.217618123
    0.014159719    0.218681201
    0.086254261    0.218681201
    0.013978571    0.219749480
    0.085517034    0.219749480
    0.013859094    0.220822975
    0.084786110    0.220822975
    0.013740639    0.221901715
    0.083701424    0.221901715
    0.013623197    0.222985730
    0.082986020    0.222985730
    0.013506758    0.224075034
    0.082276724    0.224075034
    0.013391314    0.225169659
    0.081573501    0.225169659
    0.013276857    0.226269633
    0.080876283    0.226269633
    0.013163378    0.227374971
    0.080185026    0.227374971
    0.013050870    0.228485718
    0.079159200    0.228485718
    0.012939323    0.229601890
    0.078482620    0.229601890
    0.012828729    0.230723515
    0.077811822    0.230723515
    0.012719081    0.231850624
    0.077146754    0.231850624
    0.012556362    0.232983232
    0.076487377    0.232983232
    0.012449042    0.234121382
    0.075508855    0.234121382
    0.012342638    0.235265091
    0.074863471    0.235265091
    0.012237145    0.236414373
    0.074223600    0.236414373
    0.012132552    0.237569287
    0.073589206    0.237569287
    0.012028854    0.238729835
    0.072960235    0.238729835
    0.011926043    0.239896044
    0.072336636    0.239896044
    0.011824110    0.241067961
    0.071411215    0.241067961
    0.011723047    0.242245600
    0.070800856    0.242245600
    0.011622850    0.243428990
    0.070195712    0.243428990
    0.011523508    0.244618163
    0.069595747    0.244618163
    0.011425016    0.245813146
    0.069000907    0.245813146
    0.011278853    0.247013956
    0.068411149    0.247013956
    0.011182452    0.248220637
    0.067826428    0.248220637
    0.011086874    0.249433219
    0.067246713    0.249433219
    0.010992113    0.250651717
    0.066386409    0.250651717
    0.010898163    0.251876175
    0.065818995    0.251876175
    0.010805015    0.253106624
    0.065256432    0.253106624
    0.010712663    0.254343063
    0.064421594    0.254343063
    0.010621101    0.255585551
    0.063870974    0.255585551
    0.010530321    0.256834120
    0.063325062    0.256834120
    0.010440317    0.258088768
    0.062783815    0.258088768
    0.010351082    0.259349555
    0.062247194    0.259349555
    0.010262610    0.260616511
    0.061715163    0.260616511
    0.010174895    0.261889637
    0.061187677    0.261889637
    0.010044726    0.263168991
    0.060404889    0.263168991
    0.009958872    0.264454603
    0.059888605    0.264454603
    0.009873752    0.265746504
    0.059376732    0.265746504
    0.009789361    0.267044693
    0.058869231    0.267044693
    0.009705690    0.268349230
    0.058366071    0.268349230
    0.009622735    0.269660145
    0.057619382    0.269660145
    0.009540488    0.270977467
    0.057126902    0.270977467
    0.009458945    0.272301197
    0.056638632    0.272301197
    0.009378098    0.273631424
    0.056154538    0.273631424
    0.009297943    0.274968117
    0.055674579    0.274968117
    0.009218472    0.276311368
    0.055198722    0.276311368
    0.009139680    0.277661175
    0.054726932    0.277661175
    0.009061563    0.279017568
    0.054026797    0.279017568
    0.008984112    0.280380607
    0.053565025    0.280380607
    0.008907325    0.281750292
    0.053107198    0.281750292
    0.008831193    0.283126652
    0.052653287    0.283126652
    0.008755711    0.284509748
    0.052203253    0.284509748
    0.008643698    0.285899609
    0.051757067    0.285899609
    0.008569819    0.287296265
    0.051314693    0.287296265
    0.008496572    0.288699716
    0.050876103    0.288699716
    0.008423951    0.290110052
    0.050225232    0.290110052
    0.008351951    0.291527241
    0.049795952    0.291527241
    0.008280566    0.292951405
    0.049370341    0.292951405
    0.008209791    0.294382483
    0.048948370    0.294382483
    0.008139621    0.295820564
    0.048530001    0.295820564
    0.008070051    0.297265679
    0.048115209    0.297265679
    0.008001075    0.298717856
    0.047499660    0.298717856
    0.007932689    0.300177097
    0.047093678    0.300177097
    0.007864888    0.301643491
    0.046691164    0.301643491
    0.007797665    0.303117067
    0.046292089    0.303117067
    0.007731018    0.304597795
    0.045896426    0.304597795
    0.007664940    0.306085795
    0.045504145    0.306085795
    0.007599427    0.307581067
    0.045115218    0.307581067
    0.007534474    0.309083611
    0.044538047    0.309083611
    0.007470076    0.310593516
    0.044157375    0.310593516
    0.007406229    0.312110782
    0.043779958    0.312110782
    0.007342927    0.313635498
    0.043405768    0.313635498
    0.007280166    0.315167636
    0.043034773    0.315167636
    0.007217942    0.316707253
    0.042666949    0.316707253
    0.007156250    0.318254381
    0.042302269    0.318254381
    0.007095085    0.319809079
    0.041940708    0.319809079
    0.007034442    0.321371377
    0.041582238    0.321371377
    0.006974318    0.322941333
    0.041050266    0.322941333
    0.006914707    0.324518919
    0.040699404    0.324518919
    0.006855607    0.326104224
    0.040351544    0.326104224
    0.006797011    0.327697277
    0.040006656    0.327697277
    0.006738917    0.329298109
    0.039664716    0.329298109
    0.006681318    0.330906749
    0.039325695    0.330906749
    0.006624212    0.332523257
    0.038989574    0.332523257
    0.006567595    0.334147662
    0.038656328    0.334147662
    0.006511461    0.335779995
    0.038325928    0.335779995
    0.006455807    0.337420315
    0.037835617    0.337420315
    0.006400628    0.339068651
    0.037512232    0.339068651
    0.006345921    0.340725034
    0.037191611    0.340725034
    0.006291682    0.342389494
    0.036873728    0.342389494
    0.006237906    0.344062090
    0.036558565    0.344062090
    0.006184591    0.345742881
    0.036246095    0.345742881
    0.006131730    0.347431868
    0.035936296    0.347431868
    0.006079322    0.349129081
    0.035629146    0.349129081
    0.006027361    0.350834608
    0.035324618    0.350834608
    0.005975844    0.352548480
    0.035022695    0.352548480
    0.005924768    0.354270697
    0.034574643    0.354270697
    0.005874129    0.356001347
    0.034279130    0.356001347
    0.005823922    0.357740462
    0.033986144    0.357740462
    0.005774144    0.359488040
    0.033695661    0.359488040
    0.005749415    0.361244172
    0.033407658    0.361244172
    0.005700274    0.363008887
    0.033122119    0.363008887
    0.005651554    0.364782214
    0.032839023    0.364782214
    0.005603249    0.366564214
    0.032558344    0.366564214
    0.005555357    0.368354917
    0.032280065    0.368354917
    0.005507875    0.370154351
    0.032004163    0.370154351
    0.005460799    0.371962607
    0.031594727    0.371962607
    0.005414125    0.373779655
    0.031324685    0.373779655
    0.005367850    0.375605613
    0.031056948    0.375605613
    0.005344861    0.377440482
    0.030791501    0.377440482
    0.005299178    0.379284322
    0.030528322    0.379284322
    0.005253885    0.381137162
    0.030267393    0.381137162
    0.005208980    0.382999033
    0.030008694    0.382999033
    0.005164458    0.384870023
    0.029752208    0.384870023
    0.005120317    0.386750162
    0.029497912    0.386750162
    0.005076553    0.388639450
    0.029245792    0.388639450
    0.005054811    0.390538007
    0.028995825    0.390538007
    0.005011607    0.392445803
    0.028624875    0.392445803
    0.004968773    0.394362926
    0.028380215    0.394362926
    0.004926304    0.396289438
    0.028137647    0.396289438
    0.004884198    0.398225337
    0.027897151    0.398225337
    0.004842453    0.400170714
    0.027658712    0.400170714
    0.004801064    0.402125597
    0.027422309    0.402125597
    0.004780502    0.404090017
    0.027187927    0.404090017
    0.004739643    0.406064034
    0.026955549    0.406064034
    0.004699132    0.408047676
    0.026725156    0.408047676
    0.004658969    0.410041034
    0.026496734    0.410041034
    0.004619148    0.412044108
    0.026270265    0.412044108
    0.004599365    0.414056987
    0.026045730    0.414056987
    0.004560054    0.416079700
    0.025823114    0.416079700
    0.004521079    0.418112278
    0.025602402    0.418112278
    0.004482436    0.420154810
    0.025383575    0.420154810
    0.004444125    0.422207296
    0.025166620    0.422207296
    0.004425092    0.424269825
    0.024951518    0.424269825
    0.004387270    0.426342428
    0.024738254    0.426342428
    0.004349772    0.428425133
    0.024421772    0.428425133
    0.004312594    0.430518031
    0.024213037    0.430518031
    0.004294124    0.432621151
    0.024006085    0.432621151
    0.004257422    0.434734553
    0.023800902    0.434734553
    0.004221033    0.436858267
    0.023597473    0.436858267
    0.004202956    0.438992351
    0.023395784    0.438992351
    0.004167033    0.441136867
    0.023195818    0.441136867
    0.004131417    0.443291873
    0.022997562    0.443291873
    0.004096105    0.445457369
    0.022800999    0.445457369
    0.004078562    0.447633475
    0.022606116    0.447633475
    0.004043703    0.449820191
    0.022412900    0.449820191
    0.004009141    0.452017605
    0.022221334    0.452017605
    0.003991971    0.454225749
    0.022031406    0.454225749
    0.003957851    0.456444681
    0.021843102    0.456444681
    0.003924022    0.458674461
    0.021656407    0.458674461
    0.003890484    0.460915118
    0.021471307    0.460915118
    0.003873822    0.463166744
    0.021287790    0.463166744
    0.003840712    0.465429366
    0.021105841    0.465429366
    0.003807885    0.467703015
    0.020925445    0.467703015
    0.003791577    0.469987780
    0.020746594    0.469987780
    0.003759170    0.472283721
    0.020569270    0.472283721
    0.003743070    0.474590868
    0.020393463    0.474590868
    0.003711078    0.476909310
    0.020219158    0.476909310
    0.003679359    0.479239047
    0.020046344    0.479239047
    0.003663601    0.481580168
    0.019789886    0.481580168
    0.003632288    0.483932734
    0.019620741    0.483932734
    0.003616732    0.486296773
    0.019453039    0.486296773
    0.003585819    0.488672376
    0.019369727    0.488672376
    0.003555171    0.491059572
    0.019204173    0.491059572
    0.003539945    0.493458450
    0.019040033    0.493458450
    0.003509689    0.495869040
    0.018877296    0.495869040
    0.003494658    0.498291403
    0.018635795    0.498291403
    0.003464788    0.500725567
    0.018476512    0.500725567
    0.003449950    0.503171682
    0.018318592    0.503171682
    0.003420463    0.505629718
    0.018162020    0.505629718
    0.003405814    0.508099794
    0.018006787    0.508099794
    0.003376704    0.510581911
    0.017852882    0.510581911
    0.003347843    0.513076127
    0.017700290    0.513076127
    0.003333505    0.515582561
    0.017624486    0.515582561
    0.003305013    0.518101215
    0.017473847    0.518101215
    0.003290859    0.520632207
    0.017250299    0.520632207
    0.003262731    0.523175538
    0.017102860    0.523175538
    0.003248758    0.525731266
    0.016956680    0.525731266
    0.003220991    0.528299510
    0.016811749    0.528299510
    0.003207196    0.530880332
    0.016668057    0.530880332
    0.003179784    0.533473730
    0.016525595    0.533473730
    0.003166166    0.536079764
    0.016384348    0.536079764
    0.003139104    0.538698614
    0.016244309    0.538698614
    0.003125660    0.541330159
    0.016105467    0.541330159
    0.003098945    0.543974638
    0.016036492    0.543974638
    0.003085673    0.546631992
    0.015831335    0.546631992
    0.003072458    0.549302340
    0.015696023    0.549302340
    0.003046197    0.551985741
    0.015561867    0.551985741
    0.003033151    0.554682195
    0.015428858    0.554682195
    0.003007227    0.557391882
    0.015296986    0.557391882
    0.002994348    0.560114801
    0.015166242    0.560114801
    0.002981524    0.562851012
    0.015036614    0.562851012
    0.002956040    0.565600574
    0.014908094    0.565600574
    0.002943380    0.568363607
    0.014844247    0.568363607
    0.002918223    0.571140110
    0.014717371    0.571140110
    0.002905725    0.573930204
    0.014591580    0.573930204
    0.002893280    0.576733887
    0.014466865    0.576733887
    0.002868552    0.579551280
    0.014343215    0.579551280
    0.002856266    0.582382441
    0.014159719    0.582382441
    0.002844034    0.585227430
    0.014038694    0.585227430
    0.002819725    0.588086307
    0.013918704    0.588086307
    0.002807649    0.590959191
    0.013859094    0.590959191
    0.002795625    0.593846083
    0.013740639    0.593846083
    0.002771730    0.596747041
    0.013623197    0.596747041
    0.002759860    0.599662185
    0.013506758    0.599662185
    0.002748040    0.602591634
    0.013391314    0.602591634
    0.002736271    0.605535328
    0.013276857    0.605535328
    0.002712884    0.608493388
    0.013163378    0.608493388
    0.002701265    0.611465931
    0.013050870    0.611465931
    0.002689696    0.614453018
    0.012939323    0.614453018
    0.002678177    0.617454708
    0.012828729    0.617454708
    0.002655287    0.620471001
    0.012719081    0.620471001
    0.002643915    0.623502076
    0.012610369    0.623502076
    0.002632592    0.626547933
    0.012502587    0.626547933
    0.002621317    0.629608691
    0.012395726    0.629608691
    0.002598912    0.632684350
    0.012289778    0.632684350
    0.002587782    0.635775089
    0.012184736    0.635775089
    0.002576699    0.638880908
    0.012080592    0.638880908
    0.002565664    0.642001927
    0.011977338    0.642001927
    0.002554676    0.645138144
    0.011874966    0.645138144
    0.002543735    0.648289680
    0.011773470    0.648289680
    0.002532841    0.651456654
    0.011672841    0.651456654
    0.002511192    0.654639065
    0.011573073    0.654639065
    0.002500438    0.657837033
    0.011474156    0.657837033
    0.002489729    0.661050677
    0.011425016    0.661050677
    0.002479066    0.664279938
    0.011278853    0.664279938
    0.002468449    0.667524993
    0.011182452    0.667524993
    0.002457877    0.670785964
    0.011086874    0.670785964
    0.002447351    0.674062788
    0.010992113    0.674062788
    0.002436870    0.677355647
    0.010898163    0.677355647
    0.002426433    0.680664599
    0.010805015    0.680664599
    0.002416041    0.683989704
    0.010712663    0.683989704
    0.002405694    0.687331021
    0.010666783    0.687331021
    0.002395391    0.690688729
    0.010575613    0.690688729
    0.002385132    0.694062769
    0.010485223    0.694062769
    0.002374918    0.697453320
    0.010395604    0.697453320
    0.002364746    0.700860441
    0.010306751    0.700860441
    0.002354619    0.704284191
    0.010218658    0.704284191
    0.002344535    0.707724690
    0.010131319    0.707724690
    0.002334494    0.711181998
    0.010044726    0.711181998
    0.002324496    0.714656174
    0.009958872    0.714656174
    0.002314541    0.718147337
    0.009873752    0.718147337
    0.002304628    0.721655548
    0.009789361    0.721655548
    0.002294758    0.725180924
    0.009705690    0.725180924
    0.002284930    0.728723526
    0.009622735    0.728723526
    0.002275144    0.732283354
    0.009540488    0.732283354
    0.002275144    0.735860646
    0.009458945    0.735860646
    0.002265400    0.739455402
    0.009378098    0.739455402
    0.002255698    0.743067682
    0.009297943    0.743067682
    0.002246038    0.746697664
    0.009218472    0.746697664
    0.002236419    0.750345349
    0.009139680    0.750345349
    0.002226841    0.754010856
    0.009061563    0.754010856
    0.002226841    0.757694244
    0.008984112    0.757694244
    0.002217304    0.761395633
    0.008907325    0.761395633
    0.002207808    0.765115142
    0.008869177    0.765115142
    0.002198352    0.768852770
    0.008755711    0.768852770
    0.002188937    0.772608697
    0.008680875    0.772608697
    0.002188937    0.776382923
    0.008606679    0.776382923
    0.002179563    0.780175626
    0.008533117    0.780175626
    0.002170228    0.783986866
    0.008460184    0.783986866
    0.002170228    0.787816703
    0.008387874    0.787816703
    0.002160934    0.791665256
    0.008316182    0.791665256
    0.002151679    0.795532644
    0.008245102    0.795532644
    0.002151679    0.799418867
    0.008174631    0.799418867
    0.002142464    0.803324103
    0.008104761    0.803324103
    0.002133288    0.807248414
    0.008035489    0.807248414
    0.002133288    0.811191916
    0.007966809    0.811191916
    0.002124152    0.815154612
    0.007898715    0.815154612
    0.002124152    0.819136739
    0.007831205    0.819136739
    0.002115055    0.823138297
    0.007764271    0.823138297
    0.002115055    0.827159405
    0.007697908    0.827159405
    0.002105997    0.831200182
    0.007632114    0.831200182
    0.002105997    0.835260630
    0.007566881    0.835260630
    0.002096977    0.839340985
    0.007502206    0.839340985
    0.002087997    0.843441248
    0.007438084    0.843441248
    0.002087997    0.847561538
    0.007374510    0.847561538
    0.002087997    0.851701915
    0.007311480    0.851701915
    0.002079054    0.855862558
    0.007248987    0.855862558
    0.002079054    0.860043526
    0.007187030    0.860043526
    0.002070150    0.864244938
    0.007125601    0.864244938
    0.002070150    0.868466854
    0.007064698    0.868466854
    0.002061285    0.872709394
    0.007004315    0.872709394
    0.002061285    0.876972675
    0.006944449    0.876972675
    0.002061285    0.881256759
    0.006885094    0.881256759
    0.002052457    0.885561764
    0.006826246    0.885561764
    0.002052457    0.889887810
    0.006767902    0.889887810
    0.002052457    0.894235015
    0.006710056    0.894235015
    0.002043667    0.898603380
    0.006624212    0.898603380
    0.002043667    0.902993143
    0.006567595    0.902993143
    0.002043667    0.907404363
    0.006511461    0.907404363
    0.002043667    0.911837101
    0.006455807    0.911837101
    0.002034914    0.916291535
    0.006400628    0.916291535
    0.002034914    0.920767665
    0.006345921    0.920767665
    0.002034914    0.925265729
    0.006291682    0.925265729
    0.002026199    0.929785728
    0.006237906    0.929785728
    0.002026199    0.934327841
    0.006184591    0.934327841
    0.002026199    0.938892126
    0.006131730    0.938892126
    0.002026199    0.943478703
    0.006079322    0.943478703
    0.002026199    0.948087633
    0.006027361    0.948087633
    0.002026199    0.952719152
    0.005975844    0.952719152
    0.002026199    0.957373261
    0.005924768    0.957373261
    0.002017522    0.962050140
    0.005874129    0.962050140
    0.002017522    0.966749787
    0.005823922    0.966749787
    0.002017522    0.971472442
    0.005774144    0.971472442
    0.002017522    0.976218164
    0.005700274    0.976218164
    0.002017522    0.980987072
    0.005651554    0.980987072
    0.002017522    0.985779285
    0.005603249    0.985779285
    0.002017522    0.990594923
    0.005555357    0.990594923
    0.002017522    0.995434046
    0.005507875    0.995434046
    0.002017522    1.000296831
    0.005460799    1.000296831
    0.002026199    1.005183339
    0.005390938    1.005183339
    0.002026199    1.010093808
    0.005344861    1.010093808
    0.002026199    1.015028119
    0.005299178    1.015028119
    0.002026199    1.019986629
    0.005253885    1.019986629
    0.002026199    1.024969459
    0.005186671    1.024969459
    0.002026199    1.029976487
    0.005142340    1.029976487
    0.002034914    1.035007954
    0.005098388    1.035007954
    0.002034914    1.040064096
    0.005054811    1.040064096
    0.002043667    1.045144916
    0.005011607    1.045144916
    0.002043667    1.050250530
    0.004947493    1.050250530
    0.002043667    1.055381060
    0.004905206    1.055381060
    0.002052457    1.060536742
    0.004863281    1.060536742
    0.002052457    1.065717578
    0.004821714    1.065717578
    0.002052457    1.070923686
    0.004760028    1.070923686
    0.002061285    1.076155305
    0.004719344    1.076155305
    0.002061285    1.081412315
    0.004679007    1.081412315
    0.002070150    1.086695194
    0.004619148    1.086695194
    0.002070150    1.092003822
    0.004579667    1.092003822
    0.002079054    1.097338319
    0.004521079    1.097338319
    0.002087997    1.102698922
    0.004482436    1.102698922
    0.002087997    1.108085752
    0.004444125    1.108085752
    0.002096977    1.113498807
    0.004387270    1.113498807
    0.002105997    1.118938327
    0.004349772    1.118938327
    0.002105997    1.124404430
    0.004294124    1.124404430
    0.002115055    1.129897237
    0.004257422    1.129897237
    0.002124152    1.135416865
    0.004202956    1.135416865
    0.002133288    1.140963554
    0.004167033    1.140963554
    0.002142464    1.146537185
    0.004113723    1.146537185
    0.002151679    1.152138114
    0.004061095    1.152138114
    0.002160934    1.157766461
    0.004026385    1.157766461
    0.002170228    1.163422227
    0.003974874    1.163422227
    0.002179563    1.169105649
    0.003940900    1.169105649
    0.002188937    1.174816847
    0.003890484    1.174816847
    0.002198352    1.180555940
    0.003840712    1.180555940
    0.002217304    1.186323047
    0.003807885    1.186323047
    0.002226841    1.192118406
    0.003743070    1.192118406
    0.002246038    1.197942019
    0.003695184    1.197942019
    0.002255698    1.203794003
    0.003647911    1.203794003
    0.002275144    1.209674716
    0.003601242    1.209674716
    0.002294758    1.215584040
    0.003539945    1.215584040
    0.002314541    1.221522331
    0.003494658    1.221522331
    0.002334494    1.227489471
    0.003435175    1.227489471
    0.002354619    1.233485937
    0.003376704    1.233485937
    0.002374918    1.239511609
    0.003333505    1.239511609
    0.002405694    1.245566726
    0.003262731    1.245566726
    0.002436870    1.251651406
    0.003207196    1.251651406
    0.002468449    1.257765889
    0.003139104    1.257765889
    0.002532841    1.263910174
    0.003072458    1.263910174
    0.002632592    1.270084500
    0.002930775    1.270084500
    0.003248758    3.991968632
    0.004149186    3.991968632
    0.002968754    4.011469841
    0.004579667    4.011469841
    0.002831853    4.031065941
    0.004821714    4.031065941
    0.002724552    4.050758362
    0.005033163    4.050758362
    0.002632592    4.070546627
    0.005208980    4.070546627
    0.002543735    4.090431213
    0.005390938    4.090431213
    0.002468449    4.110413551
    0.005579252    4.110413551
    0.002405694    4.130493164
    0.005749415    4.130493164
    0.002354619    4.150671005
    0.005899394    4.150671005
    0.002294758    4.170947552
    0.006053286    4.170947552
    0.002246038    4.191322803
    0.006211191    4.191322803
    0.002198352    4.211797714
    0.006373216    4.211797714
    0.002170228    4.232372761
    0.006455807    4.232372761
    0.002151679    4.253048420
    0.006539467    4.253048420
    0.002124152    4.273824692
    0.006624212    4.273824692
    0.002105997    4.294703007
    0.006710056    4.294703007
    0.002079054    4.315682888
    0.006797011    4.315682888
    0.002061285    4.336765289
    0.006855607    4.336765289
    0.002034914    4.357950687
    0.006944449    4.357950687
    0.002017522    4.379240036
    0.007034442    4.379240036
    0.002000277    4.400632858
    0.007125601    4.400632858
    0.001974687    4.422130108
    0.007217942    4.422130108
    0.001974687    4.443732738
    0.007217942    4.443732738
    0.001974687    4.465440750
    0.007248987    4.465440750
    0.001966230    4.487255096
    0.007280166    4.487255096
    0.001966230    4.509175777
    0.007280166    4.509175777
    0.001957810    4.531203270
    0.007311480    4.531203270
    0.001957810    4.553338528
    0.007311480    4.553338528
    0.001957810    4.575582027
    0.007342927    4.575582027
    0.001949425    4.597934246
    0.007374510    4.597934246
    0.001949425    4.620395660
    0.007374510    4.620395660
    0.001949425    4.642966747
    0.007406229    4.642966747
    0.001957810    4.665647984
    0.007374510    4.665647984
    0.001966230    4.688440323
    0.007342927    4.688440323
    0.001974687    4.711343765
    0.007311480    4.711343765
    0.001983181    4.734359264
    0.007280166    4.734359264
    0.001991711    4.757486820
    0.007248987    4.757486820
    0.002000277    4.780727386
    0.007217942    4.780727386
    0.002008881    4.804081917
    0.007187030    4.804081917
    0.002017522    4.827550411
    0.007156250    4.827550411
    0.002034914    4.851133347
    0.007125601    4.851133347
    0.002043667    4.874831676
    0.007095085    4.874831676
    0.002061285    4.898645401
    0.007004315    4.898645401
    0.002079054    4.922575951
    0.006944449    4.922575951
    0.002096977    4.946622849
    0.006885094    4.946622849
    0.002124152    4.970787525
    0.006826246    4.970787525
    0.002142464    4.995070457
    0.006738917    4.995070457
    0.002170228    5.019471645
    0.006681318    5.019471645
    0.002188937    5.043992519
    0.006595843    5.043992519
    0.002217304    5.068632603
    0.006539467    5.068632603
    0.002236419    5.093393326
    0.006455807    5.093393326
    0.002265400    5.118275166
    0.006373216    5.118275166
    0.002294758    5.143278599
    0.006291682    5.143278599
    0.002334494    5.168403625
    0.006184591    5.168403625
    0.002364746    5.193651676
    0.006105470    5.193651676
    0.002405694    5.219023228
    0.006001547    5.219023228
    0.002447351    5.244518757
    0.005899394    5.244518757
    0.002489729    5.270138741
    0.005798980    5.270138741
    0.002532841    5.295883656
    0.005675862    5.295883656
    0.002587782    5.321754456
    0.005555357    5.321754456
    0.002643915    5.347751617
    0.005437412    5.347751617
    0.002701265    5.373876095
    0.005321970    5.373876095
    0.002771730    5.400127888
    0.005164458    5.400127888
    0.002856266    5.426507950
    0.005011607    5.426507950
    0.002943380    5.453016758
    0.004863281    5.453016758
    0.003059299    5.479655266
    0.004679007    5.479655266
    0.003207196    5.506423950
    0.004444125    5.506423950
    0.003449950    5.533323288
    0.004131417    5.533323288
